0    0.0941    0.4902
0    0.1647    0.6863
0    0.2471    1.0000
0    0.5882    0.5882
0    0.7843    0.7843
0    1.0000    1.0000
0    0.5882         0
0    0.7843         0
0    1.0000         0
0.7059    0.7059         0
0.8627    0.8627         0
1.0000    1.0000         0
1.0000    0.3333         0
1.0000    0.4902         0
1.0000    0.6275         0
0.5882         0         0
0.7843         0         0
1.0000         0         0
0.5882         0    0.5882
0.7843         0    0.7843
1.0000         0    1.0000
